23449
22033
15442
39932
17061
31649
22923
21641
17030
10054
14795
28199
18456
21949
18944
39224
35369
19186
11138
30276
13591
24688
10089
28461
15856
25936
18078
31200
23424
23038
12288
38429
34975
16942
15085
11526
26927
22042
14450
29042
18710
22447
19049
31661
20294
30973
10899
20271
39799
11717
36225
12184
18655
26765
20457
24988
14093
13895
20119
22708
38913
27607
11679
39632
26409
24055
28856
15441
12594
35616
26819
26624
12910
22244
22009
16931
13424
11193
26092
17782
32926
20184
12809
32956
29454
12838
12342
17270
35185
17023
19221
25403
26915
18871
24191
12894
35586
36539
11410
33047
20400
12875
28919
32716
33284
34921
19417
23576
17896
24223
13513
21716
30946
36837
23084
14100
28307
31269
18328
10832
12854
21336
19769
17041
39915
23735
33037
26219
38549
29410
13707
31057
30218
10802
12726
39657
19367
18482
16827
22859
26778
39184
16447
23995
33879
29687
18429
31344
16911
12847
36958
27289
29217
30940
21135
15963
20427
27091
38265
15105
35267
12501
31169
14383
37165
22106
24877
28251
34202
39143
13240
30253
36544
31673
11113
10129
31568
12277
18057
29544
25551
24292
24085
12150
31496
28508
37749
31243
13962
21130
35783
28212
27207
21949
10933
13624
24183
38050
25154
26363
16136
19274
27673
30885
28506
39860
39807
28478
14848
33188
38468
14603
20198
19442
17855
25273
29652
15899
33959
25782
26489
33984
15422
29216
15349
27674
34229
39885
27038
10241
29523
30980
26574
28949
26482
27760
24753
26486
18616
13048
17505
13967
25093
